177.3037165251629
164.58205902657693
191.16232449703642
162.72292227513574
185.74919433561573
289.5253493491859
248.32035539287853
111.28471415858566
12.521995463667036
256.210592669416
172.981445685455
272.94634812985726
213.6442135318758
210.7857855740329
309.45953995950214
235.3458491290943
222.12226561329493
202.169265467805
160.82632236980572
236.50941466532046
286.3270260721197
387.5236793383331
291.7702138739107
300.6513478877791
215.2379490801839
275.0600404140038
290.7999875750941
314.2648450207281
217.68977594531256
205.0084714402281
