382.38744831054714
166.4954285758994
173.88282106467813
301.64123920387465
468.3102296885799
182.68882588706052
271.74596619177635
307.00710085150365
282.2889011009867
105.23790425848657
284.0559126223634
170.81041718248684
321.93507351312013
273.11786001918824
254.68160450053335
299.07558226482354
214.85761715778327
352.26297850728315
230.11946037312075
408.53495195199247
482.7725985806006
483.1678087947457
511.31156130499414
375.754474022081
284.71526102229535
301.64323179391505
292.94780140381283
145.58444828796274
293.8110937535452
405.75722027134117
