379.9464786694608
311.3258033604943
360.13850013928015
392.4817688345012
306.1114886071612
502.0958498343257
175.8598135856685
347.73145799289625
485.3046795629524
333.14577256725926
288.72233998741183
351.5618236476394
308.54629549704015
230.8602728618902
446.3194170678343
366.3391677512435
348.11599108708356
335.7872572007833
306.4931168899585
311.61979804870276
465.2239622067426
502.5162969438547
485.09434367437666
374.0851281298299
243.04289228610435
443.4091878678158
273.9845685490337
238.4913829660521
310.92782351164504
280.83208726664725
