507.4237603596484
490.2167543489532
647.8525798443899
526.3834320160344
448.9551968871185
409.661252245806
347.5165291785312
370.9540952500499
503.6123197618375
381.54759197104414
473.6583446599157
616.4311422368933
602.9280573995983
631.9074370229037
454.4815805114835
373.0728844035552
440.86394082547497
391.3989071145015
478.6555949893638
371.5855263946692
461.02749516085186
416.55606972179754
462.05324517064236
507.837075650311
411.1901034059017
421.9749188865655
438.6605315553316
671.4784104564831
445.58320112110283
285.4574144513207
