585.039111315356
396.02498182881686
446.204819575048
412.5762491663513
512.1909954665931
347.9138629068959
478.3638909395497
587.6111116203742
416.14017681643037
422.07182279194967
478.3310842117664
357.42279998207374
548.1435115199295
419.3310152028112
600.7914881135273
515.479320572273
403.8633790071285
339.71148293496515
513.1849712740819
418.7872519643786
525.5468214296048
608.7844369198649
552.8335324827593
617.8442832127512
389.15933269250286
433.4896230916976
498.2471679968431
541.9147834406195
478.10338909053206
590.6972858263134
