478.3410738776846
541.0923982405366
325.75877339542626
461.7544199019136
409.33799702086264
443.3445444360003
374.5219779032515
534.8501749335383
429.9679179683853
572.5976240212807
433.24835305236957
444.0686728469642
400.0181753853654
423.95452900278457
402.0903020334784
385.6734395064777
446.10013025470795
402.9453280587565
368.8731756938408
499.3666510532232
289.61808954548064
419.2345265629289
483.95049911770474
544.3360307780587
342.18905309825345
525.5487940882127
343.63241697595635
506.3750144477953
422.87206283943493
392.09660989853074
