535.0559313036387
471.61514351176083
388.0373911864214
356.78791628477825
488.5816949846004
575.6699247826601
549.8053475240565
524.5308350668449
538.5524979488732
697.0448684121586
556.7477847624696
425.43320205362755
633.2514033366429
435.83594995951034
642.011224152004
600.74451407112
487.1780195614377
383.2734601207121
564.9666944460564
564.1604169706503
530.4088030864822
522.5243251286756
582.8494266677332
391.46211966914683
477.55439993789275
450.0563217906104
415.02167787406455
456.4891518322231
542.0512678876452
554.9236758725252
