269.99968785472146
389.27707011081026
155.3869120143361
306.7245538401751
234.20665114769264
277.69339828934073
330.4971538208187
275.16275929060623
204.09844572405052
251.01451039167492
350.53465693194227
347.68568617074186
346.309321210039
272.5546191953842
380.17592301543186
248.08665847227095
337.00393807369176
291.40902791574064
312.1885347704603
376.0677622182035
569.5481700102562
492.96163158840267
605.8235381286546
412.2076574662285
375.45455666633814
391.7735098279508
405.1313857555852
255.56530717637736
254.7467655569459
226.56161246920968
