408.4958337726408
555.0145985068706
541.900332599271
381.4884394416763
493.55919573849286
564.3823687221684
465.3320683283399
461.6789263436486
519.5782012076932
549.9456787594405
512.6342659086401
588.4419397680606
406.1897534253996
398.51092622293413
454.8853389180792
664.926112004888
299.4434652231049
482.9085046900529
517.5940334578692
594.6706560968755
421.15954508363075
559.3435721199091
525.589776984474
498.42060385465993
425.86461744752063
422.2424912115842
579.9034473180851
641.8572567072597
504.870125174356
658.5314944798816
