312.2290624722978
418.90604843817914
308.68044547190505
248.85906166228784
352.6618963256125
297.0238263921411
494.8375164757502
186.32397351710753
358.33347874341683
444.8754594451866
244.53970119092935
327.40779577423183
250.23275042901568
268.4253413202733
338.17225551733634
318.82110991494363
325.417823752298
345.208060640379
291.6184008228941
601.7097715391321
473.36230608914656
387.50175905855633
301.9102753825571
348.0508335957129
379.71009704905373
358.4799203080825
255.98554589205125
508.45256444098277
491.144232201722
315.0675405711013
