482.7434533499106
323.7697377598404
514.0581114623269
524.7284987494776
451.81415017250174
442.7185043197022
409.4477293643637
450.95360769858434
320.39397447149975
394.4344058147064
385.7681309127881
448.51762633520184
418.2243199164274
516.5664442758236
416.95256919917847
497.2620246092054
338.7431966753941
550.9859604648007
493.61301528823736
525.8385268819453
417.41376155507794
559.3457703104855
509.46917980462126
494.9618043721204
459.87528733942065
511.3570402453359
599.430121777427
632.2892369048335
494.2941064443905
437.23269723039067
