233.51641365381636
201.29440462622117
121.36930358866397
374.8370204525422
191.54063976831947
198.74508756694166
313.225299637531
211.91400259658514
252.34551410124567
264.38237913629985
259.1782054336202
324.9107425685698
261.9754772059746
277.11809413175524
385.98679062543374
288.34623418294626
321.1897760230853
392.9635384004524
306.70662703135844
352.57705160154063
445.2696368111349
384.27479278477955
463.652402168224
416.80139438143135
207.2227563120737
336.3562173865965
254.94820605343497
270.6457235872243
232.09306595922106
239.62534289671248
