241.63299520702876
498.6776975581313
180.48025459737556
147.5882991574759
338.4481696190447
214.39685469147042
290.1967230724172
465.81330835359984
324.9081245515198
319.245779462422
289.8123380385505
459.63620930031266
249.79781335170208
296.89966117987365
279.1472640050226
436.5400209090022
416.8122283213778
326.60270297684747
248.48741401822568
381.96505372416954
564.5315848627159
482.72159793803456
294.2406010059637
416.7938705172667
257.1058663953074
282.5641930866768
231.99184498480685
288.10644603896793
301.2763053944114
457.18695387827967
