387.17627801771977
444.22918432091626
344.1651782614726
353.6488778692867
408.32819225988845
481.14104233769314
457.4481918767777
265.06159366987066
368.425169548394
325.7666612858783
426.939982559986
411.0409134276111
278.6059738012028
394.79941899971146
417.1904086981676
499.65004171077186
424.05018075551715
488.3647674698873
307.23424770961276
443.50375886628484
329.4866706785772
719.3678206916334
385.0319610167007
387.9546407457499
461.5319158083536
412.78529985805267
422.76132696404335
400.05711029878347
398.87082183278835
487.6091983490337
