354.9073619241067
434.34814466398564
530.1323020768189
417.1700466541448
405.3537702628399
478.93903066890533
567.7587443057997
531.8908461022668
471.13521250525156
481.302827827081
461.74460150609866
459.7150559737241
369.7989449718429
392.1436941482026
533.880649757339
284.81342652556236
458.35612392798396
611.0913506652686
499.23277882137535
614.5480171561984
417.6442792390731
406.9787549627807
423.64024911655764
568.5561951629314
467.0439614838652
443.4691160849128
533.4856363617723
686.873980908324
371.31937224963
529.6640444803454
