541.6210432926782
522.5307245567739
507.299608074495
503.0892909362149
534.3003566229311
636.7626716778185
416.4220086577469
427.7056205708713
463.05204418742534
526.8881975190503
479.6027687622494
561.6335354740769
573.709604880603
435.4107649330476
529.651188906468
691.5408539648087
561.8031206785869
491.19053569336603
350.045076274342
492.92311080784117
321.1032017253606
669.5800333338879
484.2462772588092
568.0850656251931
478.47759639959844
675.9430895905674
646.2261831125733
691.0553817999873
584.4089877459108
670.0666279631722
