563.3391041232595
500.83605560831023
385.02861384423466
349.96796550849024
304.80144789304546
350.04815349648277
441.20608837064503
402.41425338035646
463.7405885942837
352.15054597567473
399.8151592834072
509.55400903056994
504.81595987619966
459.58921660634616
369.23952270128007
377.58043318849053
402.0161353039256
346.9525741130251
427.41844857379806
383.5820832975102
561.5417839405891
350.4435838431869
458.4159423077064
318.39687569949456
465.01670286896893
371.3376375974879
533.3737032136344
295.97883174879854
534.5410321219966
460.82699143741615
