234.3732003410077
168.8550099710688
297.6937647735732
344.3538446008727
177.11317992887774
306.6705880532628
219.1705184091364
148.8184755501717
260.8518379802403
281.88489645149195
151.3391654723848
336.2147414963647
311.7113947051682
216.1043745697713
286.11638726445926
237.0940183504535
265.49368642809014
272.8096772573782
232.53007203797
319.0813478317659
324.97354125675344
304.0116936080087
560.6273389978014
312.5016851622804
360.5794835173946
322.35685323260685
185.8621073517034
163.6828150420352
334.34375368449236
223.6962196284964
