348.7695513783182
365.8057053421901
337.1155565151251
187.05362932796575
386.9704506747851
273.39666637592296
324.09219357055133
284.02530478558816
349.20802348313026
256.5974739313886
235.48748652477533
332.97268003833034
255.0919948780225
214.7580434204646
384.36881010953346
357.89798058586354
357.6764273975069
195.68586626815602
161.8284608187661
285.2165766982933
485.8956928944046
489.69121270340395
314.4763370269199
377.49630383710553
343.76094766868846
399.9240138537535
255.9223296103654
307.1681011930435
422.5871346500287
258.1863528464006
