416.5501687113947
432.8861734543821
575.73913191297
553.0955218536716
411.6395426024569
578.7268913221919
520.6397080994307
558.2874064135535
408.36460333492266
467.1986621372465
411.7114502602163
461.3310334613534
543.1592289999979
531.8740298078261
503.91253626929
473.33517130340493
618.297900845505
499.6924368929829
684.4917749655986
379.87106965600276
667.9128205584576
456.71447636040085
571.8373716774126
509.9349778716348
461.94669104567384
427.2522478634213
682.7894520534921
622.0168268665255
486.6190089840943
557.879665365878
