476.538014562877
415.1683072016413
425.4597643141815
495.03062683712426
368.3286002469932
376.18115060916676
383.88708102163025
511.81960306177507
566.9682592984891
437.08672116440846
426.7783793564365
571.3016560831253
507.4602410673921
496.7042412877146
477.1620155195757
497.31760138570644
534.5718469440405
382.7398213066067
345.4815460250761
557.8468595131606
526.0655913791074
524.2617841051696
480.4121524165162
442.97040959559155
364.3672421552479
381.3606276438412
491.72613929994054
507.08589277504893
521.4227608583127
428.42332401710433
