56.53931838756774
124.12650133107185
163.5636465777244
190.45474385727164
171.8258034985567
123.72768512297672
214.81695790873502
120.40586288126055
153.40724967812113
159.51866302268448
101.76669988083555
290.2597443750744
170.15388352049118
118.58733676077696
179.51482225112613
141.0430430141766
238.41416620634413
204.96165403757425
162.0749163749324
256.69218502908643
323.2999652459761
229.3742479604602
531.9065826455633
342.14721871487114
78.33665310658878
160.15560439234096
274.908314370444
254.43436331285827
192.5461903434235
207.4317449382548
