271.6505306710436
151.9713458276162
328.10129513591943
265.6198619436993
365.827911013352
294.131637296002
364.5313109570433
496.0311133322803
304.299539752231
325.4910904826844
494.0541359323029
365.79296748617855
314.2127839009844
278.1728003261633
314.52100448094484
484.497161420499
332.13895564820245
378.9412827555905
313.11848402262564
423.9073107881214
579.4296847798801
687.9108176862654
388.43587734973306
358.1433706053969
317.75582884658644
413.6643258418533
338.8837118528245
387.1173915738325
394.79546192047934
383.71508555880297
