487.3923267921103
444.52262706672377
479.6975710964703
353.09343184047555
576.9787579013888
386.4668565475104
236.92324951266767
448.1564831872496
351.4623915997193
591.1700132739418
469.9435069161766
369.9961217272967
412.32721930287676
441.580462355174
506.663982186969
405.3288125807163
470.2396415258232
478.42066281281416
464.8465153912348
492.87230278275246
319.14461572203504
573.2394787249598
488.04463176754575
577.7357516308499
522.3043731652419
485.0308671993618
586.9122245692918
421.36837945989174
457.34866385201104
470.35700451552606
