408.92552320422305
376.3714513477585
484.0845618074576
620.8954511184917
396.8445067951225
609.2083458671827
411.2450404513222
402.8984170324073
616.6267919942072
473.22448620244626
600.614495228204
536.1449744669482
459.9025013817811
408.3544044199401
590.9102917231896
360.6217095513827
424.19614495416727
402.6830194601005
476.3132924884557
510.2112041202402
594.9436652467996
374.92563454556023
556.1565548202498
375.4869319351809
462.191275841914
273.5301003399485
482.65678538417245
407.7688906605368
390.9987449590476
531.8679269624984
