242.07546288994465
312.2075050589694
368.78230991272466
233.7661112281374
212.57187127501754
236.35771934497282
328.1587913140848
264.1010778400827
381.0673522314153
239.8688568987846
203.97275035389677
259.0840864550802
390.0312613136467
326.2308736277028
225.23243093483896
319.12413244389785
344.31741034710757
375.95718264200633
302.5301088119822
432.71215840683385
277.2872431793604
503.95374087108115
630.9174671085099
319.69854687548406
362.5352092518238
363.8920224210228
309.2617437370273
310.8119509853063
339.2450163029409
231.8089578029999
