387.4024275670363
230.95720975603507
456.4998510795992
143.02399119057236
269.85536420388576
324.5687948335462
450.57039849555736
277.54546319966545
287.1573351300351
260.7545845554961
232.43513120784968
382.97104880678137
463.7219929621592
147.81416866077112
383.0547121293145
298.91886169817934
311.56820762615206
468.46111329449434
339.21470153275453
361.6856939192744
680.0011699529805
341.89959909229464
537.3108105124089
236.69396947720375
255.01775113770097
330.3407156334173
301.05921244800777
458.2182749124868
539.9903491177253
322.6926863367287
