247.65219862448768
370.9362790917292
301.0476292742071
419.21919559586473
262.30176497279075
380.05392858341605
470.66924837679636
289.0403681319186
345.6522302946074
326.89368211235836
230.46299849710618
228.4879281837019
331.1843547266127
441.2874085771109
389.6414396878582
177.79439320996838
376.01265224683704
136.56789509975496
380.86655318553375
374.95877123171005
498.05984843376376
538.9550930404253
480.65463993179725
400.95242314349457
419.7655886813812
391.4981259121729
411.48890755925936
416.5131392630639
319.2736189866645
404.02351350294646
