568.2842959800918
518.2840004030257
502.8990176053996
561.1008803826893
588.7328779309827
671.5753192265938
494.09570492080223
492.88503877265344
391.53727742953953
549.7453552168514
507.58636067639213
460.39036178914427
533.2941361318776
450.7776164242275
627.0431932250124
653.2284095622343
656.019215724307
723.7505106544905
630.732053736778
408.1729113431696
519.2071519265631
360.90926000775386
476.8343159649976
517.2678123959906
574.755552629284
591.3752384044592
623.5295120047532
541.1452894895226
596.2529581147211
530.4579475157224
