552.4650994638434
654.6203006996003
476.8401128433571
514.5776368408252
572.5104377108481
459.238377767639
566.6898351112212
696.9921463958125
556.5262022265513
418.8066985969271
390.3758408321782
533.3026369165335
512.7460016874326
542.0932960366799
263.854050749431
626.7535405009297
523.3897178270485
668.7607720110491
499.43173040363837
643.6098486402011
549.8327295062179
484.0234770188079
513.8629581513393
609.5583473998614
454.19492706312525
615.2956642880891
601.2779180527349
617.7520274282225
567.1341400942939
510.9120653723861
