354.1765899946381
357.73209229977795
285.3903178627578
291.0864682149479
251.72025000696368
215.4013521660592
339.14650476154134
376.8850443589585
300.2644552556941
395.6961715978173
337.97838369589954
274.04613660728927
322.66286185756326
446.37251700468323
405.5304141099047
441.11150454650533
268.9658085061868
373.66428056222276
245.5248198143573
371.42620226661614
423.8461029211442
363.5747929060858
478.0920942642654
572.890270701063
410.582838417958
190.5950541197161
365.5486214594619
186.59432537775675
399.55554655835715
411.54067954707415
