185.79131586220157
391.09889413516737
205.51922855212126
302.2771076140406
352.8896956409734
361.3459083209956
362.5686415988166
197.74767712124034
425.38881704901144
257.5345833500157
269.01379119339134
311.97514188073643
344.6028123991588
303.797764160296
233.22061267673732
394.3424569115941
207.52752356574624
376.66861022977605
376.52344946252384
507.1989936262857
492.76781208040444
518.8640249125909
398.1170643811049
543.8523933827116
332.3771363020825
358.30757405801813
254.8805855287214
243.06958961506433
352.6995349319564
415.4632592052508
