278.02355903929697
361.7022979132862
405.96507984884755
451.72273589040634
454.78499733687977
401.28504706328505
433.20637321799256
430.26021550835435
487.25516835806917
509.21324179096825
512.2279093619618
402.97211365586645
520.45151608593
488.08384816519555
421.94018841921746
485.20862867730716
400.3243271911108
471.952756930654
602.6254781748244
435.3491751589673
486.930371556703
383.32818151892536
572.1186272403544
448.6925655434627
393.10958803901696
416.0734535823062
512.1554902016607
311.12639934943707
531.6478955127868
412.6635551107908
