481.04234283043365
496.11260528729895
664.6441851932949
470.3481204667788
520.0861948408775
431.10664243445075
557.5260986342919
430.7700582789595
609.518770152142
572.3372743248669
582.4272104265012
513.0725362894523
508.60267996453524
593.3184966339281
472.7407526719682
442.4577687124265
484.3942240572938
495.49361168957756
472.12046277504294
592.5650034239671
473.8016108797371
517.8499212252818
618.2139650564881
420.41926974533965
562.1090309318519
553.9899856581764
582.836806607982
511.3935866447647
583.024022960625
560.635460285739
