192.34530507711506
129.69775771906964
136.10508357656926
102.8267389638349
274.801898139854
247.30140990251675
343.71927328182727
294.78668581759723
367.1916784057326
278.350324758085
209.09925281543002
292.532643725297
293.3841023916798
117.69035793088803
346.3135289589505
267.487030359325
163.87969907708413
194.41037997792642
107.00775841663197
309.61664265167883
632.5257645200455
509.43031070535443
639.9137286457835
430.2227475893058
275.89785371024584
103.06949605966898
390.3842521023698
200.91308372720678
258.7823553607846
341.3339354245016
