603.1469829547032
319.524411230398
548.35770924135
392.76484017490884
446.8604809525796
505.7553932574828
412.42465638741044
327.4767665825415
428.19732061103883
685.6417677784009
484.58952771572314
454.53343770490903
477.2588949445061
458.2166555051445
371.7378729908651
383.0226806993393
471.6890925242222
299.929801220632
518.4329653092244
358.89234705458324
581.3654821759139
426.24616963556116
459.51767723128785
340.71087760263015
493.50397569189903
407.02872065653474
465.0990647216785
509.2735959558704
454.9301149236094
412.3014735414999
