14537.557439807637
15928.558820707678
15297.604357888222
14523.362532295152
14741.199140369223
14931.219435404984
15595.180031717813
14367.783578186245
14671.058960013817
13213.805901960899
14876.617052719961
15564.51755470953
14023.586046953633
14535.037680412912
13856.50856678908
15569.624112042835
13231.345752378025
15515.043283451518
14440.562097787672
14301.674663864414
13992.19403152143
15855.246969841732
15147.309540414253
14545.014354435274
16276.808207235625
13946.02860012834
14683.036988514186
14689.20072508091
15788.319703000592
15251.914312024253
14572.199338831138
14500.253344106995
14962.426464085293
15835.418763123575
15152.329906110006
13979.62723616023
14255.603707461994
16278.855469025471
18165.573592427725
15139.664988219442
14798.732206118759
13300.095923938608
14193.70758637753
14182.230951276373
16122.737992756869
14624.803434471522
15652.015227274142
15409.428055617562
15550.08012414837
15646.28786152529
14749.650712224891
15620.709956501523
13855.076519078824
14178.569370504565
15880.936133464742
16186.485965720498
15046.659607006017
15992.498034846709
14151.35980722393
16684.706431198243
15451.312804415784
15126.1508084663
16715.430452271907
15985.817836120586
16773.84942736444
14793.950961389153
14625.357065616325
14537.855816384958
15276.49600125651
16156.214114217479
16764.106679557295
14680.541708216555
13852.290974614245
15456.831508396774
13875.24847455608
14929.036978031185
13176.634431320135
14655.961237934178
13792.108745102132
15427.848350753937
17015.07072084099
15266.749321404059
13825.30834296144
14465.626098491037
14069.185833922504
14785.220497207249
13781.36586062117
14993.255340101146
14471.710016419618
15676.569933075822
13542.00886805527
15676.17634521004
14872.14314077432
14766.579831416357
15286.825521938095
15212.834887806404
16134.486859709405
15616.923361254925
13169.26969512393
14561.72997270238
14438.246076417297
13308.572515760488
15626.490718849347
14790.981171350408
14789.63660663548
14964.797843566173
15035.787133898186
15610.128818250801
14367.88909701423
13913.841064555178
15461.271074199416
15725.871418827875
14984.556202586322
14082.256425674725
14453.541896792103
15018.6330821269
14639.749040101255
16040.938546114523
15910.010509142097
14385.53454222747
13995.796199012584
14578.815081923412
15542.577623921958
14281.899906731276
13765.884273898402
14986.153694080587
13846.331838257056
14182.611267853323
13988.668050171493
15254.561760254877
16005.12567874812
15445.625898838756
14256.482118052114
15591.261544721563
16132.104720670479
15261.665414646755
14794.705003517129
14429.767213982632
16105.463692766763
14719.575068626727
14104.305238126042
15043.313171907837
14283.981213083327
15130.75490026926
13266.678947635848
15151.247640318685
15232.662497488325
15289.090796715052
15554.16804637747
16078.418139250154
